0.00000		0.65837
0.02000		0.66764
0.04000		0.68898
0.06000		0.78083
0.08000		0.87773
0.10000		1.28924
0.12000		1.31050
0.14000		1.47755
0.16000		1.75146
0.18000		1.89010
0.20000		1.84979
0.22000		1.41491
0.24000		1.32536
0.26000		1.25633
0.28000		1.51967
0.30000		1.55275
0.32000		1.48462
0.34000		1.45772
0.36000		1.55946
0.38000		1.71877
0.40000		1.85467
0.42000		1.77029
0.44000		1.78069
0.46000		1.79119
0.48000		1.78028
0.50000		1.73723
0.52000		1.77982
0.54000		1.82448
0.56000		1.77993
0.58000		1.77542
0.60000		1.78128
0.62000		1.79304
0.64000		1.66987
0.66000		1.55983
0.68000		1.56698
0.70000		1.56452
0.72000		1.48797
0.74000		1.49285
0.76000		1.42751
0.78000		1.32499
0.80000		1.31829
0.82000		1.34651
0.84000		1.28894
0.86000		1.24538
0.88000		1.22199
0.90000		1.18280
0.92000		1.15459
0.94000		1.13510
0.96000		1.11418
0.98000		1.08233
1.00000		1.06815
1.02000		1.00233
1.04000		1.02723
1.06000		1.05933
1.08000		0.99484
1.10000		0.96967
1.12000		0.94540
1.14000		0.93873
1.16000		0.93415
1.18000		0.91118
1.20000		0.89469
1.22000		0.88858
1.24000		0.85406
1.26000		0.86127
1.28000		0.84340
1.30000		0.78421
1.32000		0.79523
1.34000		0.80812
1.36000		0.80536
1.38000		0.78551
1.40000		0.76492
1.42000		0.75362
1.44000		0.75393
1.46000		0.76738
1.48000		0.75309
1.50000		0.71707
1.52000		0.70902
1.54000		0.70330
1.56000		0.69763
1.58000		0.68824
1.60000		0.67586
1.62000		0.66702
1.64000		0.65374
1.66000		0.65317
1.68000		0.65960
1.70000		0.65163
1.72000		0.63115
1.74000		0.60612
1.76000		0.58642
1.78000		0.58265
1.80000		0.59055
1.82000		0.59263
1.84000		0.59361
1.86000		0.58353
1.88000		0.55728
1.90000		0.54928
1.92000		0.56181
1.94000		0.56263
1.96000		0.55572
1.98000		0.54590
2.00000		0.53256
2.02000		0.52008
2.04000		0.50813
2.06000		0.50916
2.08000		0.50514
2.10000		0.49547
2.12000		0.48148
2.14000		0.46301
2.16000		0.44178
2.18000		0.42374
2.20000		0.43414
2.22000		0.43722
2.24000		0.43444
2.26000		0.42729
2.28000		0.41656
2.30000		0.40236
2.32000		0.39177
2.34000		0.39295
2.36000		0.39081
2.38000		0.38539
2.40000		0.37707
2.42000		0.36584
2.44000		0.35649
2.46000		0.35126
2.48000		0.34643
2.50000		0.34154
2.52000		0.33580
2.54000		0.32897
2.56000		0.32584
2.58000		0.32204
2.60000		0.31756
2.62000		0.31510
2.64000		0.31333
2.66000		0.30868
2.68000		0.30092
2.70000		0.29092
2.72000		0.28005
2.74000		0.27483
2.76000		0.27651
2.78000		0.27637
2.80000		0.27466
2.82000		0.27170
2.84000		0.26765
2.86000		0.26234
2.88000		0.25587
2.90000		0.25559
2.92000		0.25419
2.94000		0.25055
2.96000		0.24419
2.98000		0.23537
3.00000		0.23750
3.02000		0.23709
3.04000		0.23434
3.06000		0.23030
3.08000		0.22451
3.10000		0.22145
3.12000		0.22319
3.14000		0.22295
3.16000		0.22104
3.18000		0.21793
3.20000		0.21370
3.22000		0.20857
3.24000		0.20651
3.26000		0.20581
3.28000		0.20374
3.30000		0.20073
3.32000		0.19707
3.34000		0.19327
3.36000		0.19014
3.38000		0.18704
3.40000		0.18457
3.42000		0.18418
3.44000		0.18322
3.46000		0.18182
3.48000		0.18014
3.50000		0.17816
3.52000		0.17592
3.54000		0.17364
3.56000		0.17158
3.58000		0.16954
3.60000		0.16783
3.62000		0.16841
3.64000		0.16888
3.66000		0.16953
3.68000		0.17023
3.70000		0.17069
3.72000		0.17105
3.74000		0.17158
3.76000		0.17186
3.78000		0.17168
3.80000		0.17124
3.82000		0.17042
3.84000		0.16890
3.86000		0.16646
3.88000		0.16303
3.90000		0.15869
3.92000		0.15531
3.94000		0.15306
3.96000		0.15005
3.98000		0.14626
4.00000		0.14191
4.02000		0.13713
4.04000		0.13183
4.06000		0.12891
4.08000		0.12913
4.10000		0.12902
4.12000		0.12882
4.14000		0.12860
4.16000		0.12801
4.18000		0.12708
4.20000		0.12617
4.22000		0.12509
4.24000		0.12379
4.26000		0.12232
4.28000		0.12069
4.30000		0.11895
4.32000		0.11716
4.34000		0.11532
4.36000		0.11346
4.38000		0.11160
4.40000		0.10976
4.42000		0.10794
4.44000		0.10617
4.46000		0.10535
4.48000		0.10455
4.50000		0.10377
4.52000		0.10301
4.54000		0.10229
4.56000		0.10159
4.58000		0.10090
4.60000		0.10022
4.62000		0.09954
4.64000		0.09885
4.66000		0.09815
4.68000		0.09744
4.70000		0.09673
4.72000		0.09600
4.74000		0.09526
4.76000		0.09453
4.78000		0.09379
4.80000		0.09304
4.82000		0.09229
4.84000		0.09155
4.86000		0.09082
4.88000		0.09008
4.90000		0.08935
4.92000		0.08863
4.94000		0.08792
4.96000		0.08722
4.98000		0.08652
5.00000		0.08584
5.02000		0.08518
5.04000		0.08453
5.06000		0.08389
5.08000		0.08327
5.10000		0.08267
5.12000		0.08212
5.14000		0.08158
5.16000		0.08106
5.18000		0.08054
5.20000		0.08002
5.22000		0.07950
5.24000		0.07896
5.26000		0.07841
5.28000		0.07783
5.30000		0.07722
5.32000		0.07658
5.34000		0.07601
5.36000		0.07540
5.38000		0.07474
5.40000		0.07404
5.42000		0.07330
5.44000		0.07268
5.46000		0.07284
5.48000		0.07289
5.50000		0.07280
5.52000		0.07260
5.54000		0.07228
5.56000		0.07188
5.58000		0.07149
5.60000		0.07100
5.62000		0.07066
5.64000		0.07079
5.66000		0.07081
5.68000		0.07075
5.70000		0.07059
5.72000		0.07034
5.74000		0.07002
5.76000		0.06966
5.78000		0.06926
5.80000		0.06879
