0.00000		0.62257
0.02000		0.62695
0.04000		0.66463
0.06000		0.81533
0.08000		0.89268
0.10000		1.31955
0.12000		1.77907
0.14000		1.79630
0.16000		1.77826
0.18000		1.80106
0.20000		1.77961
0.22000		1.77535
0.24000		1.77822
0.26000		1.77940
0.28000		1.80881
0.30000		1.75396
0.32000		1.77962
0.34000		1.79342
0.36000		1.78037
0.38000		1.79158
0.40000		1.77992
0.42000		1.77725
0.44000		1.78189
0.46000		1.79963
0.48000		1.77570
0.50000		1.80143
0.52000		1.79000
0.54000		1.73259
0.56000		1.78237
0.58000		1.79147
0.60000		1.83836
0.62000		1.80635
0.64000		1.66973
0.66000		1.54746
0.68000		1.56322
0.70000		1.47154
0.72000		1.48433
0.74000		1.49222
0.76000		1.40640
0.78000		1.31138
0.80000		1.33580
0.82000		1.31862
0.84000		1.27102
0.86000		1.24894
0.88000		1.27405
0.90000		1.23300
0.92000		1.15797
0.94000		1.13525
0.96000		1.12585
0.98000		1.07491
1.00000		1.06760
1.02000		1.04982
1.04000		1.01920
1.06000		0.97948
1.08000		0.94952
1.10000		0.94607
1.12000		0.96301
1.14000		0.97479
1.16000		0.95640
1.18000		0.90681
1.20000		0.89670
1.22000		0.89435
1.24000		0.87084
1.26000		0.83364
1.28000		0.83104
1.30000		0.82106
1.32000		0.80517
1.34000		0.78290
1.36000		0.78349
1.38000		0.78869
1.40000		0.78698
1.42000		0.77890
1.44000		0.76594
1.46000		0.75004
1.48000		0.73300
1.50000		0.71612
1.52000		0.70016
1.54000		0.68514
1.56000		0.67087
1.58000		0.65677
1.60000		0.64235
1.62000		0.63257
1.64000		0.65233
1.66000		0.65298
1.68000		0.63834
1.70000		0.61983
1.72000		0.61672
1.74000		0.61245
1.76000		0.60842
1.78000		0.60501
1.80000		0.59534
1.82000		0.57705
1.84000		0.56962
1.86000		0.57945
1.88000		0.58773
1.90000		0.58723
1.92000		0.57733
1.94000		0.56702
1.96000		0.55711
1.98000		0.53825
2.00000		0.50996
2.02000		0.49855
2.04000		0.50425
2.06000		0.50489
2.08000		0.50042
2.10000		0.49212
2.12000		0.48095
2.14000		0.47405
2.16000		0.46704
2.18000		0.45683
2.20000		0.44352
2.22000		0.42696
2.24000		0.40717
2.26000		0.38810
2.28000		0.40078
2.30000		0.40748
2.32000		0.40807
2.34000		0.40586
2.36000		0.39945
2.38000		0.38967
2.40000		0.37822
2.42000		0.36672
2.44000		0.35641
2.46000		0.34790
2.48000		0.34076
2.50000		0.33402
2.52000		0.33081
2.54000		0.33123
2.56000		0.32995
2.58000		0.32715
2.60000		0.32573
2.62000		0.33442
2.64000		0.33840
2.66000		0.33725
2.68000		0.33117
2.70000		0.32132
2.72000		0.30948
2.74000		0.29764
2.76000		0.28731
2.78000		0.27908
2.80000		0.27323
2.82000		0.26949
2.84000		0.26798
2.86000		0.26716
2.88000		0.26475
2.90000		0.26185
2.92000		0.26043
2.94000		0.25728
2.96000		0.25147
2.98000		0.24401
3.00000		0.24164
3.02000		0.24109
3.04000		0.24108
3.06000		0.23856
3.08000		0.23375
3.10000		0.22746
3.12000		0.22052
3.14000		0.21405
3.16000		0.20845
3.18000		0.20322
3.20000		0.19819
3.22000		0.19531
3.24000		0.19632
3.26000		0.19758
3.28000		0.19870
3.30000		0.19962
3.32000		0.19983
3.34000		0.19893
3.36000		0.19769
3.38000		0.19664
3.40000		0.19471
3.42000		0.19194
3.44000		0.18841
3.46000		0.18425
3.48000		0.17984
3.50000		0.17530
3.52000		0.17068
3.54000		0.16619
3.56000		0.16204
3.58000		0.15841
3.60000		0.15539
3.62000		0.15307
3.64000		0.15146
3.66000		0.15057
3.68000		0.15030
3.70000		0.15057
3.72000		0.15123
3.74000		0.15212
3.76000		0.15308
3.78000		0.15394
3.80000		0.15455
3.82000		0.15480
3.84000		0.15466
3.86000		0.15420
3.88000		0.15324
3.90000		0.15208
3.92000		0.15078
3.94000		0.14887
3.96000		0.14636
3.98000		0.14531
4.00000		0.14415
4.02000		0.14252
4.04000		0.14039
4.06000		0.13779
4.08000		0.13479
4.10000		0.13145
4.12000		0.12784
4.14000		0.12406
4.16000		0.12039
4.18000		0.11701
4.20000		0.11362
4.22000		0.11424
4.24000		0.11502
4.26000		0.11545
4.28000		0.11559
4.30000		0.11570
4.32000		0.11579
4.34000		0.11571
4.36000		0.11549
4.38000		0.11514
4.40000		0.11467
4.42000		0.11419
4.44000		0.11390
4.46000		0.11379
4.48000		0.11339
4.50000		0.11268
4.52000		0.11164
4.54000		0.11075
4.56000		0.10977
4.58000		0.10846
4.60000		0.10684
4.62000		0.10492
4.64000		0.10273
4.66000		0.10032
4.68000		0.09772
4.70000		0.09503
4.72000		0.09310
4.74000		0.09345
4.76000		0.09373
4.78000		0.09388
4.80000		0.09413
4.82000		0.09412
4.84000		0.09382
4.86000		0.09322
4.88000		0.09231
4.90000		0.09111
4.92000		0.08964
4.94000		0.08804
4.96000		0.08617
4.98000		0.08406
5.00000		0.08304
5.02000		0.08294
5.04000		0.08277
5.06000		0.08236
5.08000		0.08358
5.10000		0.08522
5.12000		0.08683
5.14000		0.08835
5.16000		0.08972
5.18000		0.09089
5.20000		0.09185
5.22000		0.09256
5.24000		0.09333
5.26000		0.09391
5.28000		0.09422
5.30000		0.09439
5.32000		0.09482
5.34000		0.09502
5.36000		0.09492
5.38000		0.09450
5.40000		0.09378
5.42000		0.09284
5.44000		0.09181
5.46000		0.09052
5.48000		0.08901
5.50000		0.08730
5.52000		0.08789
5.54000		0.08829
5.56000		0.08853
5.58000		0.08855
5.60000		0.08834
5.62000		0.08791
5.64000		0.08731
5.66000		0.08657
5.68000		0.08578
5.70000		0.08515
5.72000		0.08452
5.74000		0.08410
5.76000		0.08372
5.78000		0.08336
5.80000		0.08303
