0.00000		0.78381
0.02000		0.79960
0.04000		0.82052
0.06000		0.99344
0.08000		1.93104
0.10000		2.33842
0.12000		2.00947
0.14000		1.78996
0.16000		1.77656
0.18000		1.57018
0.20000		1.78712
0.22000		1.70974
0.24000		1.77840
0.26000		1.89257
0.28000		1.78028
0.30000		1.82479
0.32000		1.78201
0.34000		1.73243
0.36000		1.78273
0.38000		1.74229
0.40000		1.78109
0.42000		1.80641
0.44000		1.77397
0.46000		1.75092
0.48000		1.78263
0.50000		1.73524
0.52000		1.80870
0.54000		1.81929
0.56000		1.76110
0.58000		1.74792
0.60000		1.85913
0.62000		1.82091
0.64000		1.70287
0.66000		1.59569
0.68000		1.58470
0.70000		1.46307
0.72000		1.50545
0.74000		1.48102
0.76000		1.39234
0.78000		1.28112
0.80000		1.34504
0.82000		1.32749
0.84000		1.30147
0.86000		1.17447
0.88000		1.18923
0.90000		1.16799
0.92000		1.17737
0.94000		1.14672
0.96000		1.07731
0.98000		1.10868
1.00000		1.07308
1.02000		1.03309
1.04000		1.02992
1.06000		1.04638
1.08000		1.14028
1.10000		1.21818
1.12000		1.20949
1.14000		1.14981
1.16000		1.05173
1.18000		0.95371
1.20000		0.93262
1.22000		0.93864
1.24000		0.94887
1.26000		0.93704
1.28000		0.88836
1.30000		0.81731
1.32000		0.78028
1.34000		0.80368
1.36000		0.84730
1.38000		0.88140
1.40000		0.90130
1.42000		0.90688
1.44000		0.90663
1.46000		0.88078
1.48000		0.83020
1.50000		0.78854
1.52000		0.81023
1.54000		0.80015
1.56000		0.77402
1.58000		0.74522
1.60000		0.72285
1.62000		0.73015
1.64000		0.75119
1.66000		0.75888
1.68000		0.74626
1.70000		0.71151
1.72000		0.66342
1.74000		0.60474
1.76000		0.59270
1.78000		0.60086
1.80000		0.60038
1.82000		0.59354
1.84000		0.59255
1.86000		0.58742
1.88000		0.57584
1.90000		0.55942
1.92000		0.54898
1.94000		0.54155
1.96000		0.52924
1.98000		0.51314
2.00000		0.52575
2.02000		0.53164
2.04000		0.52880
2.06000		0.51777
2.08000		0.50216
2.10000		0.49400
2.12000		0.48189
2.14000		0.46774
2.16000		0.45322
2.18000		0.43978
2.20000		0.42926
2.22000		0.42169
2.24000		0.43186
2.26000		0.44146
2.28000		0.44953
2.30000		0.45485
2.32000		0.45631
2.34000		0.45286
2.36000		0.44357
2.38000		0.42825
2.40000		0.40745
2.42000		0.38711
2.44000		0.37555
2.46000		0.36003
2.48000		0.34568
2.50000		0.34376
2.52000		0.34120
2.54000		0.33538
2.56000		0.32652
2.58000		0.31508
2.60000		0.31437
2.62000		0.31410
2.64000		0.31096
2.66000		0.30542
2.68000		0.29759
2.70000		0.29590
2.72000		0.29536
2.74000		0.29417
2.76000		0.29138
2.78000		0.28533
2.80000		0.27703
2.82000		0.26673
2.84000		0.26508
2.86000		0.26561
2.88000		0.26556
2.90000		0.26316
2.92000		0.25831
2.94000		0.25226
2.96000		0.24858
2.98000		0.24483
3.00000		0.24079
3.02000		0.23650
3.04000		0.23473
3.06000		0.23234
3.08000		0.22929
3.10000		0.22528
3.12000		0.22027
3.14000		0.21437
3.16000		0.20774
3.18000		0.20619
3.20000		0.20725
3.22000		0.20796
3.24000		0.20816
3.26000		0.20756
3.28000		0.20627
3.30000		0.20407
3.32000		0.20096
3.34000		0.19691
3.36000		0.19188
3.38000		0.18569
3.40000		0.17861
3.42000		0.17132
3.44000		0.17474
3.46000		0.17764
3.48000		0.17973
3.50000		0.18071
3.52000		0.18042
3.54000		0.17883
3.56000		0.17595
3.58000		0.17536
3.60000		0.17359
3.62000		0.17052
3.64000		0.16632
3.66000		0.16493
3.68000		0.16407
3.70000		0.16236
3.72000		0.15989
3.74000		0.15652
3.76000		0.15256
3.78000		0.15101
3.80000		0.14977
3.82000		0.14825
3.84000		0.14668
3.86000		0.14520
3.88000		0.14396
3.90000		0.14306
3.92000		0.14254
3.94000		0.14232
3.96000		0.14234
3.98000		0.14254
4.00000		0.14275
4.02000		0.14284
4.04000		0.14269
4.06000		0.14216
4.08000		0.14123
4.10000		0.14074
4.12000		0.14115
4.14000		0.14105
4.16000		0.14049
4.18000		0.13943
4.20000		0.13797
4.22000		0.13611
4.24000		0.13387
4.26000		0.13140
4.28000		0.12887
4.30000		0.12633
4.32000		0.12390
4.34000		0.12167
4.36000		0.11962
4.38000		0.11780
4.40000		0.11624
4.42000		0.11494
4.44000		0.11385
4.46000		0.11329
4.48000		0.11376
4.50000		0.11409
4.52000		0.11435
4.54000		0.11447
4.56000		0.11445
4.58000		0.11430
4.60000		0.11402
4.62000		0.11363
4.64000		0.11312
4.66000		0.11251
4.68000		0.11180
4.70000		0.11106
4.72000		0.11024
4.74000		0.10933
4.76000		0.10836
4.78000		0.10732
4.80000		0.10622
4.82000		0.10508
4.84000		0.10394
4.86000		0.10275
4.88000		0.10153
4.90000		0.10032
4.92000		0.09909
4.94000		0.09783
4.96000		0.09655
4.98000		0.09526
5.00000		0.09395
5.02000		0.09265
5.04000		0.09137
5.06000		0.09009
5.08000		0.08880
5.10000		0.08751
5.12000		0.08623
5.14000		0.08496
5.16000		0.08460
5.18000		0.08403
5.20000		0.08319
5.22000		0.08245
5.24000		0.08180
5.26000		0.08097
5.28000		0.07995
5.30000		0.07966
5.32000		0.07938
5.34000		0.07881
5.36000		0.07900
5.38000		0.08033
5.40000		0.08142
5.42000		0.08232
5.44000		0.08306
5.46000		0.08356
5.48000		0.08386
5.50000		0.08398
5.52000		0.08385
5.54000		0.08352
5.56000		0.08296
5.58000		0.08218
5.60000		0.08123
5.62000		0.08012
5.64000		0.07888
5.66000		0.07746
5.68000		0.07664
5.70000		0.07593
5.72000		0.07511
5.74000		0.07424
5.76000		0.07331
5.78000		0.07229
5.80000		0.07121
