0.00000		0.81479
0.02000		0.82501
0.04000		0.82646
0.06000		1.24900
0.08000		1.42648
0.10000		1.73407
0.12000		1.79076
0.14000		1.81402
0.16000		1.77995
0.18000		1.78690
0.20000		1.79008
0.22000		1.77496
0.24000		1.77710
0.26000		1.77151
0.28000		1.78020
0.30000		1.77960
0.32000		1.78095
0.34000		1.82479
0.36000		1.77695
0.38000		1.78368
0.40000		1.78056
0.42000		1.79255
0.44000		1.83127
0.46000		1.71438
0.48000		1.78017
0.50000		1.78180
0.52000		1.82709
0.54000		1.78635
0.56000		1.80235
0.58000		1.83258
0.60000		1.76944
0.62000		1.71618
0.64000		1.65715
0.66000		1.63858
0.68000		1.63092
0.70000		1.57870
0.72000		1.47234
0.74000		1.46728
0.76000		1.44937
0.78000		1.39972
0.80000		1.34367
0.82000		1.27004
0.84000		1.25423
0.86000		1.25430
0.88000		1.23053
0.90000		1.19421
0.92000		1.15400
0.94000		1.10327
0.96000		1.11713
0.98000		1.11548
1.00000		1.06950
1.02000		1.02537
1.04000		1.03519
1.06000		1.01414
1.08000		0.98228
1.10000		0.96587
1.12000		0.96061
1.14000		0.94828
1.16000		0.92234
1.18000		0.89983
1.20000		0.89240
1.22000		0.87657
1.24000		0.85950
1.26000		0.84869
1.28000		0.84186
1.30000		0.83035
1.32000		0.80792
1.34000		0.79090
1.36000		0.78526
1.38000		0.77637
1.40000		0.76764
1.42000		0.75559
1.44000		0.73918
1.46000		0.73055
1.48000		0.71976
1.50000		0.70873
1.52000		0.69765
1.54000		0.68874
1.56000		0.68278
1.58000		0.67762
1.60000		0.67218
1.62000		0.66568
1.64000		0.65639
1.66000		0.65115
1.68000		0.63903
1.70000		0.62972
1.72000		0.62134
1.74000		0.61169
1.76000		0.60608
1.78000		0.60504
1.80000		0.60049
1.82000		0.59170
1.84000		0.58399
1.86000		0.57030
1.88000		0.56482
1.90000		0.56124
1.92000		0.56242
1.94000		0.55772
1.96000		0.54806
1.98000		0.54609
2.00000		0.53747
2.02000		0.52269
2.04000		0.50505
2.06000		0.49790
2.08000		0.49499
2.10000		0.48750
2.12000		0.47594
2.14000		0.45917
2.16000		0.45374
2.18000		0.45377
2.20000		0.44956
2.22000		0.43733
2.24000		0.42876
2.26000		0.42330
2.28000		0.41039
2.30000		0.40097
2.32000		0.39873
2.34000		0.39376
2.36000		0.38601
2.38000		0.37812
2.40000		0.37083
2.42000		0.36346
2.44000		0.35678
2.46000		0.35140
2.48000		0.34678
2.50000		0.34253
2.52000		0.33806
2.54000		0.33264
2.56000		0.32545
2.58000		0.31829
2.60000		0.31675
2.62000		0.31246
2.64000		0.30666
2.66000		0.29988
2.68000		0.29668
2.70000		0.29238
2.72000		0.29203
2.74000		0.28965
2.76000		0.28525
2.78000		0.27955
2.80000		0.27431
2.82000		0.27137
2.84000		0.26871
2.86000		0.26510
2.88000		0.26003
2.90000		0.25382
2.92000		0.24626
2.94000		0.24710
2.96000		0.24618
2.98000		0.24326
3.00000		0.23839
3.02000		0.23349
3.04000		0.23133
3.06000		0.22761
3.08000		0.22290
3.10000		0.22350
3.12000		0.22351
3.14000		0.22251
3.16000		0.22057
3.18000		0.21768
3.20000		0.21792
3.22000		0.21626
3.24000		0.21243
3.26000		0.20707
3.28000		0.20285
3.30000		0.20018
3.32000		0.20029
3.34000		0.19992
3.36000		0.19872
3.38000		0.19658
3.40000		0.19469
3.42000		0.19435
3.44000		0.19303
3.46000		0.19003
3.48000		0.18567
3.50000		0.18040
3.52000		0.17502
3.54000		0.17077
3.56000		0.17019
3.58000		0.16914
3.60000		0.16753
3.62000		0.16550
3.64000		0.16339
3.66000		0.16098
3.68000		0.15850
3.70000		0.15617
3.72000		0.15403
3.74000		0.15207
3.76000		0.15030
3.78000		0.14918
3.80000		0.14871
3.82000		0.14794
3.84000		0.14671
3.86000		0.14500
3.88000		0.14287
3.90000		0.14041
3.92000		0.13776
3.94000		0.13647
3.96000		0.13543
3.98000		0.13467
4.00000		0.13426
4.02000		0.13415
4.04000		0.13423
4.06000		0.13443
4.08000		0.13469
4.10000		0.13495
4.12000		0.13511
4.14000		0.13510
4.16000		0.13485
4.18000		0.13432
4.20000		0.13336
4.22000		0.13193
4.24000		0.13073
4.26000		0.12964
4.28000		0.12800
4.30000		0.12580
4.32000		0.12283
4.34000		0.11917
4.36000		0.11493
4.38000		0.11068
4.40000		0.11051
4.42000		0.11040
4.44000		0.11010
4.46000		0.10964
4.48000		0.10900
4.50000		0.10814
4.52000		0.10715
4.54000		0.10594
4.56000		0.10464
4.58000		0.10312
4.60000		0.10147
4.62000		0.09964
4.64000		0.09763
4.66000		0.09548
4.68000		0.09318
4.70000		0.09087
4.72000		0.08960
4.74000		0.09157
4.76000		0.09340
4.78000		0.09500
4.80000		0.09630
4.82000		0.09724
4.84000		0.09778
4.86000		0.09789
4.88000		0.09763
4.90000		0.09700
4.92000		0.09606
4.94000		0.09488
4.96000		0.09459
4.98000		0.09459
5.00000		0.09435
5.02000		0.09376
5.04000		0.09291
5.06000		0.09246
5.08000		0.09197
5.10000		0.09121
5.12000		0.09023
5.14000		0.08907
5.16000		0.08775
5.18000		0.08632
5.20000		0.08481
5.22000		0.08327
5.24000		0.08171
5.26000		0.08017
5.28000		0.07868
5.30000		0.07724
5.32000		0.07589
5.34000		0.07462
5.36000		0.07344
5.38000		0.07237
5.40000		0.07139
5.42000		0.07050
5.44000		0.07007
5.46000		0.07015
5.48000		0.07025
5.50000		0.07038
5.52000		0.07055
5.54000		0.07100
5.56000		0.07184
5.58000		0.07266
5.60000		0.07348
5.62000		0.07432
5.64000		0.07517
5.66000		0.07605
5.68000		0.07696
5.70000		0.07791
5.72000		0.07890
5.74000		0.07993
5.76000		0.08102
5.78000		0.08215
5.80000		0.08333
